4294967293,131
4294967293,130
4294967293,129
4294967293,128
4294967293,127
4294967293,126
4294967293,125
4294967293,124
4294967293,123
4294967293,122
4294967293,121
4294967293,120
4294967293,119
4294967293,118
4294967293,117
4294967293,116
4294967293,115
4294967293,114
4294967293,113
4294967293,112
4294967293,111
4294967293,110
4294967293,109
4294967293,108
4294967293,107
4294967293,106
4294967293,105
4294967293,104
4294967293,103
4294967293,102
4294967293,101
4294967293,100
4294967293,99
4294967293,98
4294967293,97
4294967293,96
4294967293,95
4294967293,94
4294967293,93
4294967293,92
4294967293,91
4294967293,90
4294967293,89
4294967293,87
4294967293,86
4294967293,85
4294967293,84
4294967293,83
4294967293,82
4294967293,81
4294967293,80
4294967293,79
4294967293,78
4294967293,77
4294967293,76
4294967293,75
4294967293,74
4294967293,73
4294967293,72
4294967293,71
4294967293,70
4294967293,69
4294967293,68
4294967293,67
4294967293,66
4294967293,65
4294967293,64
4294967293,63
4294967293,62
4294967293,61
4294967293,60
4294967293,59
4294967293,58
4294967293,57
4294967293,56
4294967293,55
4294967293,54
4294967293,53
4294967293,52
4294967293,51
4294967293,50
4294967293,49
4294967293,48
4294967293,47
4294967293,46
4294967293,45
4294967293,44
4294967293,43
4294967293,42
4294967293,41
4294967293,40
4294967293,39
4294967293,38
4294967293,37
4294967293,36
4294967293,35
4294967293,34
4294967293,33
4294967293,32
4294967293,31
4294967293,30
4294967293,29
4294967293,28
4294967293,27
4294967293,26
4294967293,25
4294967293,24
4294967293,23
4294967293,22
4294967293,21
4294967293,20
4294967293,19
4294967293,18
4294967293,17
4294967293,16
4294967293,15
4294967293,14
4294967293,13
4294967293,12
4294967293,11
4294967293,10
4294967293,9
4294967293,8
4294967293,7
4294967293,6
4294967293,5
4294967293,4
4294967293,3
4294967278,75
4294967278,74
4294967278,288
4294967278,73
4294967278,2
4294967278,72
4294967278,71
4294967278,287
4294967278,70
4294967278,286
4294967278,69
4294967278,67
4294967278,283
4294967278,66
4294967278,65
4294967278,59
4294967278,57
4294967278,54
4294967278,166
4294967278,51
4294967278,276
4294967278,48
4294967278,46
4294967278,40
4294967278,39
4294967278,33
4294967278,30
4294967278,28
4294967278,27
4294967278,26
4294967278,25
4294967278,23
4294967278,22
4294967278,21
4294967278,20
4294967278,16
4294967278,15
4294967278,260
4294967279,132
4294967279,131
4294967279,130
4294967279,129
4294967279,128
4294967279,127
4294967279,126
4294967279,125
4294967279,124
4294967279,123
4294967279,82
4294967279,2
4294967279,71
4294967279,68
4294967279,67
4294967279,66
4294967279,65
4294967279,63
4294967279,62
4294967279,60
4294967279,59
4294967279,57
4294967279,54
4294967279,163
4294967279,51
4294967279,47
4294967279,31
4294967279,29
4294967279,28
4294967279,27
4294967279,25
4294967279,22
4294967279,21
4294967279,20
4294967279,17
4294967279,16
4294967279,15
4294967279,12
4294967279,346
4294967279,11
4294967279,10
4294967279,88
4294967279,0
4294967279,7
4294967279,6
4294967278,163
4294967294,189
4294967294,445
4294967294,534
4294967294,883
4294967294,937
4294967294,531
4294967294,442
4294967294,441
4294967294,440
4294967294,439
4294967294,438
4294967294,426
4294967294,437
4294967294,436
4294967294,434
4294967294,435
4294967294,430
4294967294,429
4294967294,420
4294967294,1473
4294967294,419
4294967294,418
4294967294,409
4294967294,401
4294967294,405
4294967294,432
4294967294,431
21,0
4294967294,549
4294967294,187
4294967294,387
4294967294,719
4294967294,855
4294967294,856
4294967294,643
4294967294,669
4294967294,840
4294967294,852
4294967294,714
4294967294,623
4294967294,533
4294967294,859
4294967294,622
4294967294,621
4294967294,620
4294967294,838
4294967294,570
4294967294,619
4294967294,836
4294967294,832
4294967294,618
4294967294,617
4294967294,660
4294967294,616
4294967294,615
4294967294,837
4294967294,572
4294967294,614
4294967294,613
4294967294,835
4294967294,670
4294967294,646
4294967294,766
4294967294,767
4294967294,858
4294967294,759
4294967294,762
4294967294,611
4294967294,758
4294967294,760
4294967294,755
4294967294,655
4294967294,681
4294967294,610
4294967294,609
4294967294,652
4294967294,608
4294967294,607
4294967294,653
4294967294,662
4294967294,654
4294967294,651
4294967294,183
4294967294,649
4294967294,605
4294967294,833
4294967294,734
4294967294,647
4294967294,648
4294967294,603
4294967294,761
4294967294,890
4294967294,641
4294967294,602
4294967294,863
4294967294,575
4294967294,642
4294967294,601
4294967294,663
4294967294,656
4294967294,600
4294967294,599
4294967294,568
4294967294,650
4294967294,598
4294967294,573
4294967294,834
4294967294,571
4294967294,597
4294967278,160
4294967279,386
4294967279,385
4294967279,384
4294967278,380
4294967279,383
4294967278,379
4294967278,378
4294967278,377
4294967278,376
4294967278,375
4294967278,374
4294967278,373
4294967278,372
4294967278,371
4294967278,370
4294967278,369
4294967279,379
4294967278,368
4294967279,381
4294967278,367
4294967279,374
4294967279,378
4294967279,382
4294967278,362
4294967279,376
4294967278,361
4294967279,380
4294967279,373
4294967279,372
4294967279,369
4294967294,211
4294967294,194
4294967294,145
4294967294,128
4294967294,596
4294967294,569
4294967294,595
4294967294,518
4294967294,594
4294967294,561
4294967294,593
4294967294,562
4294967294,515
4294967294,592
4294967294,591
4294967294,555
4294967294,526
4294967294,551
4294967294,589
4294967294,588
4294967294,530
4294967294,587
4294967294,586
4294967294,191
4294967294,398
4294967294,389
4294967294,186
4294967294,557
4294967294,385
4294967294,394
4294967294,563
4294967294,559
4294967294,558
4294967294,552
4294967294,544
4294967294,454
4294967294,125
4294967294,547
4294967294,640
4294967294,391
4294967294,529
4294967294,166
4294967294,550
4294967294,96
4294967294,45
4294967294,44
4294967294,94
4294967294,53
4294967294,31
4294967294,114
4294967294,115
4294967294,165
4294967294,161
4294967294,1354
4294967294,664
4294967294,1349
4294967294,673
4294967279,268
4294967278,269
4294967278,350
4294967279,366
4294967279,365
4294967279,364
4294967279,363
4294967279,362
4294967279,359
4294967279,358
4294967279,357
4294967278,348
4294967279,356
4294967279,354
4294967278,347
4294967279,353
4294967279,349
4294967279,348
4294967279,347
4294967279,345
4294967279,343
4294967279,340
4294967279,339
4294967279,305
4294967279,304
4294967279,298
4294967279,296
4294967279,294
4294967279,293
4294967279,291
4294967279,290
4294967279,288
4294967278,284
4294967279,281
4294967279,280
4294967279,278
4294967279,277
4294967278,277
4294967278,194
4294967278,191
4294967279,189
4294967279,186
4294967279,185
4294967279,183
4294967279,181
4294967279,180
4294967279,179
4294967279,178
4294967279,176
4294967279,175
4294967279,172
4294967279,171
4294967278,172
4294967279,167
4294967278,134
4294967279,58
4294967294,753
4294967294,644
4294967294,645
4294967294,674
4294967294,675
4294967279,168
4243767290,0
4294967294,464
4294967279,313
4294967294,706
4294967294,1298
4294967294,463
4294967294,462
4294967278,168
4294967294,461
4294967279,312
4294967294,460
4294967279,165
4294967294,363
4294967294,362
4294967294,361
4294967294,360
4294967294,359
4294967294,358
4294967294,357
4294967294,356
4294967294,355
4294967294,354
4294967294,353
4294967294,352
4294967294,351
4294967294,350
4294967294,349
4294967294,348
4294967294,347
4294967279,164
4294967294,346
4294967294,345
4294967294,344
4294967294,343
4294967294,342
4294967294,340
4294967294,341
4294967294,339
4294967294,338
4294967294,337
4294967294,336
4294967294,335
4294967294,334
4294967294,333
4294967294,332
4294967294,331
4294967294,330
4294967294,4
21,4
4294967294,93
4294967294,95
4294967279,276
4294967279,50
4294967278,423
4294967294,456
4294967278,47
4294967278,275
4294967278,45
4294967278,157
4294967279,45
4294967294,542
4294967279,43
4294967279,271
4294967279,270
4294967278,271
4294967278,422
4294967278,346
4294967278,0
4294967279,40
4294967279,37
4294967278,36
4294967279,36
4294967278,35
4294967278,351
4294967279,35
4294967279,367
4294967279,34
4294967279,377
4294967294,17
4294967294,76
4294967294,41
4294967294,585
4294967294,554
4294967294,661
4294967294,67
4294967294,42
4294967294,110
4294967294,109
4294967279,174
4294967294,1379
4294967279,426
4294967294,1377
4294967294,1376
4294967279,425
4294967294,1374
4294967294,1373
4294967294,1371
4294967294,1372
4294967294,1364
4294967294,1370
4294967294,1363
4294967294,1368
4294967279,424
4294967294,1367
4294967294,1366
4294967294,1365
4294967294,1121
4294967294,1362
4294967294,1361
4294967294,1973
4294967294,1972
4294967294,1971
4294967294,1970
4294967294,1969
4294967294,1968
4294967294,1967
4294967294,1966
4294967294,1965
4294967294,1964
4294967294,1963
4294967294,1962
4294967294,1961
4294967294,1960
4294967294,1959
4294967294,1958
4294967294,1957
4294967294,1956
4294967294,1955
4294967294,1954
4294967294,1953
4294967294,1952
4294967294,1951
4294967294,1950
4294967294,1949
4294967294,1948
4294967294,1947
4294967294,1135
4294967294,1946
4294967294,1945
4294967294,1134
4294967294,1944
4294967294,1943
4294967294,1942
4294967294,1941
4294967294,1940
4294967294,1939
4294967294,1938
4294967294,1937
4294967294,1936
4294967294,1935
4294967294,1934
4294967294,1933
4294967294,1932
4294967294,1931
4294967294,1930
4294967294,1929
4294967294,1928
4294967294,1927
4294967294,1926
4294967294,1925
4294967294,1924
4294967294,1923
4294967294,1922
4294967294,1921
4294967294,1920
4294967294,566
4294967294,540
4294967294,537
4294967294,535
4294967294,1117
4294967278,32
4294967294,1369
4294967279,143
4294967279,423
4294967279,30
4294967279,141
4294967278,421
4294967278,29
4294967294,1359
4294967294,1360
4294967279,140
4294967278,138
4294967279,139
4294967279,26
4294967294,1356
4294967294,1357
4294967279,136
4294967279,134
4294967294,1375
4294967294,1378
4294967294,3
4294967294,667
4294967279,133
4294967294,676
4294967294,8
4294967279,261
4294967278,18
4294967294,1882
4294967294,1881
4294967294,1880
4294967294,1879
4294967294,1878
4294967278,17
4294967294,1877
4294967279,258
4294967279,257
4294967279,254
4294967278,420
4294967278,12
4294967279,253
4294967278,11
4294967278,366
4294967294,1876
4294967278,10
4294967279,251
4294967294,1875
4294967294,1874
4294967278,8
4294967279,249
4294967278,7
4294967294,425
4294967278,419
4294967278,6
4294967279,247
4294967294,1873
4294967278,4
4294967279,245
4294967278,309
4294967278,418
4294967278,132
4294967279,244
4294967278,130
4294967278,343
4294967279,242
4294967278,129
4294967278,308
4294967279,241
4294967294,1872
4294967294,1871
4294967278,127
4294967278,342
4294967294,1870
4294967294,1869
4294967294,1868
4294967279,239
4294967278,341
4294967294,1867
4294967294,1866
4294967279,238
4294967278,125
4294967278,340
4294967294,427
4294967294,1865
4294967294,1864
4294967294,1863
4294967294,1862
4294967294,1861
4294967294,1860
4294967294,1859
4294967294,1858
4294967279,237
4294967278,124
4294967278,339
4294967279,236
4294967278,123
4294967294,1857
4294967294,66
4294967294,65
4294967294,64
4294967294,63
4294967294,62
4294967294,421
4294967279,234
4294967279,422
4294967279,122
4294967278,121
4294967278,336
4294967279,121
4294967279,233
4294967279,232
4294967278,233
4294967294,1297
4294967278,417
4294967278,120
4294967294,532
4294967294,574
4294967294,612
4294967279,303
4294967279,231
4294967278,119
4294967278,232
4294967279,421
4294967279,119
4294967294,190
4294967279,118
4294967279,229
4294967279,371
4294967279,117
4294967279,228
4294967279,375
4294967278,116
4294967278,229
4294967278,333
4294967279,227
4294967279,420
4294967279,116
4294967278,115
4294967278,332
4294967279,226
4294967279,419
4294967279,115
4294967278,416
4294967279,114
4294967294,1296
4294967294,715
4294967294,882
4294967278,331
4294967279,224
4294967279,337
4294967278,112
4294967278,330
4294967294,521
4294967279,112
4294967279,223
4294967278,111
4294967278,359
4294967279,111
4294967279,222
4294967279,370
4294967278,110
4294967278,223
4294967294,92
4294967294,88
4294967294,87
4294967294,86
4294967294,85
4294967294,455
4294967294,46
4294967278,329
4294967279,110
4294967279,335
4294967278,222
4294967278,415
4294967278,109
4294967279,418
4294967279,109
4294967279,219
4294967279,334
4294967278,107
4294967278,328
4294967279,218
4294967294,1295
4294967278,219
4294967278,414
4294967278,106
4294967294,520
4294967279,217
4294967279,417
4294967279,106
4294967278,105
4294967278,364
4294967279,105
4294967279,216
4294967279,333
4294967278,104
4294967278,358
4294967279,104
4294967279,332
4294967278,103
4294967278,216
4294967278,327
4294967279,214
4294967279,331
4294967278,102
4294967279,416
4294967278,214
4294967279,101
4294967279,212
4294967278,100
4294967278,213
4294967278,325
4294967279,100
